5.017253992694100662e-01
7.465126054384525478e-01
7.519087065290689376e-01
7.570909872299713683e-01
7.580211590836144486e-01
7.617448568554209265e-01
7.618685035020563712e-01
7.582192056470167252e-01
7.636075011562974968e-01
7.630476873591381937e-01
7.628654068923990117e-01
7.635197441788852402e-01
7.637296125582553330e-01
7.636408986957776701e-01
7.623027873463594783e-01
7.624095896103100234e-01
7.610263732587790875e-01
7.602309443037842396e-01
7.616051540229460404e-01
7.590934241636554392e-01
