4.681368336795582175e-01
7.434840071429467123e-01
7.488217600694546672e-01
7.554917370810287913e-01
7.559470869467015408e-01
7.611658800082486964e-01
7.599028970950063577e-01
7.618692627127183759e-01
7.618017252464496236e-01
7.616307152898376120e-01
7.631259929083554772e-01
7.628231977805129960e-01
7.633623678452094996e-01
7.623743293391159748e-01
7.623554569466360897e-01
7.620589012368559345e-01
7.623105495052555636e-01
7.609498771294328501e-01
7.614089858778982922e-01
7.591940025825130167e-01
