5.000000000000000000e-01
6.724997988097429769e-01
7.183810043083440622e-01
7.442357258427703126e-01
7.497438115859123009e-01
7.552801564707554149e-01
7.592340855862655946e-01
7.598620436271322776e-01
7.623395911602365294e-01
7.633276569474438666e-01
7.635861910826308163e-01
7.632508637949714236e-01
7.651883904336433950e-01
7.650106269236456313e-01
7.637793530762835292e-01
7.631088434318815672e-01
7.636831020104267731e-01
7.637132182002764891e-01
7.626250377731460528e-01
7.636771427921371647e-01
