5.000000000000000000e-01
6.839497891110113414e-01
7.244359105361832807e-01
7.502830935031752357e-01
7.518398494525928566e-01
7.581592363027224168e-01
7.587951387175908557e-01
7.604757629726934809e-01
7.603229952148331527e-01
7.630862114745813329e-01
7.640129355638003439e-01
7.640616068895109692e-01
7.649454681431553382e-01
7.641102542305758805e-01
7.642857296508273057e-01
7.638391901071760470e-01
7.662455614417909011e-01
7.639710807653795621e-01
7.649238430862959071e-01
7.637931465210779924e-01
