5.007077151726793129e-01
7.420317412694162895e-01
7.487434632729281780e-01
7.565910335389798291e-01
7.585168231604790812e-01
7.602530656495718464e-01
7.596266045461519401e-01
7.625522367569889104e-01
7.634484195256684425e-01
7.628788748962403998e-01
7.643667643344634888e-01
7.636749634858319702e-01
7.649711294407974815e-01
7.639238638640467594e-01
7.641128674202612991e-01
7.626698344986730937e-01
7.627437839360486915e-01
7.615404450398188807e-01
7.619555707219753948e-01
7.608301978387677078e-01
