5.000000000000000000e-01
6.353188829847815633e-01
6.737672025138008447e-01
7.398522179657123221e-01
7.507127855950164186e-01
7.541628256052024248e-01
7.573590536136527440e-01
7.600741583788791500e-01
7.599780761149139696e-01
7.612713531136021672e-01
7.628220828923302221e-01
7.637733631667408263e-01
7.630886764368819408e-01
7.641508053327723538e-01
7.644744432315366822e-01
7.630909090550302976e-01
7.655023222804842042e-01
7.629747761954841501e-01
7.648325429742323101e-01
7.624326713649736131e-01
