5.088646939632369692e-01
7.464070245726998065e-01
7.501859324985029609e-01
7.566526495258328877e-01
7.576779134526826498e-01
7.600421100041464539e-01
7.603408965133340303e-01
7.622488090483208190e-01
7.605927759891726314e-01
7.621680544507860589e-01
7.614978484224461663e-01
7.623132548823711163e-01
7.621338496176809363e-01
7.613301243623167291e-01
7.619636869669939028e-01
7.605018782735373239e-01
7.613517724944516285e-01
7.599515989982987829e-01
7.595900097738090828e-01
7.591091896919619497e-01
