5.111890524726157015e-01
7.458371476820403467e-01
7.491503476716279142e-01
7.567920632921730784e-01
7.577709401182340931e-01
7.595905972271256301e-01
7.593943873647081011e-01
7.620639055024922559e-01
7.632729180746875564e-01
7.624752662772769085e-01
7.643540920297736685e-01
7.637323291888307164e-01
7.646716193000671069e-01
7.632640220445003898e-01
7.621208115187237953e-01
7.628259827275438720e-01
7.632586447096332272e-01
7.615862350252301516e-01
7.623778310974111960e-01
7.608531334121301226e-01
