4.630965236673844632e-01
7.436540350931344356e-01
7.497513313975809890e-01
7.578558138229345431e-01
7.590576637387088654e-01
7.609201612899276768e-01
7.632863901706962162e-01
7.620627139998482624e-01
7.642103977430112494e-01
7.637523396584400270e-01
7.647451464485357508e-01
7.635813478892370387e-01
7.648722424509937223e-01
7.640487291807687154e-01
7.652475638514433243e-01
7.639957864283404287e-01
7.642428812515086323e-01
7.639144649519956642e-01
7.624724660982907798e-01
7.610993123855747111e-01
